% 1
r_v = [3 4*2.55 68/16 45 110^(1/3) cosd(25) 0.05]

% 2
c_v = [32/(3*2^2); sind(35)**2; 6.1; log(29)**2; 133]

% 3
vec = linspace(81,12,9)

% 4
vec = linspace(-21, 12, 15)'

% 5
a = [linspace(0,0,8) 7.5]

% 6
vecA = 49:-3:10
vecB = [vecA(1:4) vecA(11:14)]

% 7 
vec = [0:5:30; 600:-100:0; 0:5/6:5]

% 8
a = [7 2 -3 1 0]
b = [-3 10 0 7 -2]
c = [1 0 4 -6 5]

% a
vec_3_5 = [a; b; c;]

% b
vec_5_3 = [a'; b'; c';]

% 9
a = [7 2 -3 1 0]
b = [-3 10 0 7 -2]
c = [1 0 4 -6 5]

% a 
vec_3_3 = [a(1:3); b(1:3); c(1:3);]

% b 
vec_5_3 = [a(3:end); b(3:end); c(3:end)]

% 10
A = [2:3:17; 3:3:18; 4:3:19; 5:3:20; 6:3:21]
B = [5:5:30; 30:5:55; 55:5:80]
V = [99:-1:91]

A(1,end-3:end) = B(1,1:4)
A(3,end-3:end) = B(2,1:4)
A(4,end-3:end) = V(1,5:8)
A(5,end-3:end) = B(3,3:6)